,MTC_Choice
0,3
1,3
2,2
3,3
4,5
5,2
6,5
7,6
8,5
9,0
10,0
11,0
12,0
13,6
14,5
15,6
16,1
17,3
18,3
19,0
20,2
21,3
22,5
23,5
24,1
25,4
26,4
27,4
28,2
29,0
30,6
31,6
32,5
33,0
34,5
35,6
36,1
37,1
38,5
39,2
40,2
41,2
42,3
43,1
44,3
45,1
46,4
47,6
48,3
49,1
50,4
51,6
52,0
53,0
54,1
55,4
56,6
57,2
58,5
59,3
60,5
61,3
62,5
63,4
64,4
65,3
66,4
67,0
68,1
69,5
70,5
71,2
72,3
73,4
74,4
75,5
76,3
77,3
78,3
79,6
80,4
81,5
82,2
83,0
84,2
85,0
86,6
87,0
88,1
89,3
90,3
91,4
92,4
93,3
94,1
95,0
96,1
97,1
98,4
99,1
100,3
101,5
102,4
103,2
104,3
105,5
106,5
107,4
108,3
109,1
110,6
111,5
112,3
113,2
114,2
115,1
116,2
117,5
118,1
119,3
120,4
121,3
122,1
123,1
124,3
125,2
126,2
127,3
128,1
129,3
130,6
131,0
132,0
133,5
134,0
135,0
136,3
137,2
138,0
139,2
140,2
141,2
142,3
143,2
144,2
145,4
146,1
147,2
148,1
149,3
150,3
151,3
152,2
153,0
154,5
155,2
156,5
157,6
158,6
159,5
160,6
161,0
162,3
163,2
164,5
165,6
166,3
167,2
168,3
169,6
170,6
171,0
172,4
173,4
174,4
175,4
176,5
177,2
178,0
179,5
180,1
181,3
182,3
183,4
184,4
185,3
186,1
187,2
188,4
189,0
190,1
191,2
192,3
193,4
194,2
195,6
196,6
197,3
198,4
199,3
200,4
201,3
202,1
203,6
204,0
205,0
206,0
207,5
208,4
209,3
210,2
211,2
212,2
213,5
214,1
215,3
216,4
217,2
218,3
219,3
220,6
221,5
222,3
223,5
224,6
225,6
226,6
227,2
228,5
229,0
230,2
231,2
232,0
233,0
234,1
235,3
236,0
237,3
238,1
239,1
240,3
241,4
242,0
243,0
244,0
245,2
246,2
247,3
248,2
249,2
250,4
251,3
252,2
253,4
254,4
255,3
256,4
257,1
258,6
259,5
260,5
261,0
262,3
263,4
264,3
265,3
266,3
267,4
268,1
269,5
270,2
271,3
272,3
273,3
274,5
275,1
276,1
277,5
278,6
279,6
280,1
281,4
282,4
283,3
284,3
285,5
286,3
287,2
288,5
289,5
290,0
291,2
292,6
293,4
294,6
295,3
296,5
297,3
298,4
299,5
300,3
301,1
302,0
303,5
304,1
305,4
306,5
307,4
308,0
309,2
310,3
311,4
312,5
313,6
314,3
315,2
316,3
317,4
318,4
319,0
320,3
321,5
322,4
323,0
324,0
325,2
326,5
327,4
328,3
329,1
330,4
331,4
332,1
333,3
334,1
335,0
336,0
337,6
338,5
339,6
340,6
341,6
342,2
343,3
344,2
345,0
346,2
347,4
348,4
349,3
350,1
351,2
352,1
353,6
354,6
355,0
356,1
357,6
358,5
359,5
360,2
361,3
362,2
363,2
364,3
365,0
366,6
367,1
368,1
369,0
370,0
371,3
372,4
373,6
374,3
375,4
376,3
377,5
378,3
379,4
380,2
381,6
382,2
383,5
384,6
385,3
386,3
387,5
388,4
389,2
390,3
391,3
392,4
393,4
394,5
395,5
396,6
397,6
398,3
399,4
400,2
401,2
402,3
403,4
404,4
405,1
406,2
407,6
408,3
409,3
410,1
411,1
412,6
413,4
414,4
415,6
416,5
417,4
418,2
419,2
420,3
421,4
422,4
423,4
424,3
425,3
426,3
427,1
428,6
429,6
430,6
431,5
432,5
433,5
434,3
435,6
436,3
437,3
438,5
439,2
440,1
441,2
442,4
443,3
444,4
445,6
446,4
447,4
448,3
449,5
450,1
451,2
452,1
453,3
454,3
455,2
456,4
457,1
458,5
459,5
460,2
461,2
462,2
463,5
464,3
465,2
466,0
467,1
468,6
469,0
470,6
471,0
472,3
473,1
474,1
475,6
476,5
477,4
478,3
479,2
480,5
481,3
482,2
483,4
484,4
485,4
486,2
487,3
488,3
489,3
490,5
491,2
492,1
493,1
494,2
495,6
496,3
497,5
498,4
499,3
500,5
501,0
502,2
503,3
504,5
505,6
506,2
507,6
508,6
509,6
510,0
511,4
512,3
513,6
514,4
515,2
516,0
517,3
518,2
519,2
520,3
521,3
522,4
523,6
524,1
525,0
526,5
527,6
528,2
529,5
530,3
531,2
532,2
533,4
534,5
535,4
536,3
537,0
538,6
539,2
540,0
541,6
542,3
543,3
544,5
545,3
546,1
547,6
548,0
549,1
550,4
551,6
552,0
553,2
554,2
555,3
556,5
557,6
558,3
559,5
560,2
561,2
562,2
563,0
564,0
565,3
566,6
567,6
568,1
569,0
570,1
571,1
572,1
573,3
574,5
575,3
576,5
577,4
578,2
579,2
580,5
581,3
582,4
583,5
584,4
585,2
586,1
587,3
588,3
589,3
590,2
591,1
592,4
593,5
594,1
595,3
596,3
597,1
598,3
599,4
600,6
601,4
602,3
603,1
604,5
605,6
606,0
607,0
608,0
609,4
610,6
611,0
612,5
613,5
614,2
615,4
616,3
617,3
618,5
619,3
620,6
621,2
622,2
623,4
624,0
625,4
626,4
627,0
628,3
629,6
630,6
631,4
632,1
633,0
634,3
635,3
636,3
637,4
638,2
639,1
640,4
641,0
642,5
643,6
644,5
645,5
646,5
647,2
648,1
649,3
650,5
651,4
652,3
653,4
654,4
655,1
656,5
657,5
658,1
659,3
660,6
661,3
662,3
663,5
664,5
665,5
666,3
667,4
668,0
669,1
670,1
671,3
672,0
673,0
674,5
675,2
676,6
677,6
678,3
679,3
680,4
681,4
682,1
683,2
684,3
685,4
686,1
687,4
688,1
689,3
690,3
691,4
692,2
693,2
694,6
695,5
696,1
697,4
698,0
699,0
700,5
701,2
702,6
703,0
704,0
705,3
706,3
707,0
708,2
709,2
710,5
711,4
712,3
713,5
714,5
715,2
716,4
717,0
718,0
719,0
720,1
721,1
722,1
723,3
724,6
725,6
726,3
727,4
728,2
729,2
730,3
731,1
732,0
733,2
734,3
735,3
736,1
737,1
738,3
739,4
740,1
741,4
742,4
743,5
744,5
745,2
746,3
747,6
748,5
749,6
750,6
751,0
752,0
753,2
754,6
755,4
756,3
757,1
758,3
759,0
760,4
761,4
762,1
763,0
764,4
765,3
766,2
767,3
768,4
769,6
770,6
771,4
772,4
773,3
774,3
775,3
776,2
777,2
778,2
779,0
780,1
781,4
782,0
783,1
784,0
785,3
786,5
787,3
788,0
789,3
790,0
791,2
792,3
793,0
794,4
795,4
796,5
797,4
798,1
799,1
800,1
801,2
802,4
803,5
804,5
805,3
806,1
807,3
808,4
809,5
810,1
811,4
812,3
813,6
814,0
815,0
816,3
817,1
818,1
819,0
820,4
821,1
822,4
823,3
824,4
825,6
826,5
827,5
828,2
829,2
830,4
831,3
832,3
833,4
834,5
835,1
836,4
837,3
838,5
839,0
840,1
841,6
842,3
843,2
844,5
845,4
846,3
847,4
848,2
849,1
850,2
851,3
852,3
853,5
854,4
855,5
856,5
857,6
858,6
859,6
860,3
861,3
862,0
863,1
864,4
865,1
866,3
867,6
868,0
869,2
870,2
871,0
872,0
873,0
874,3
875,3
876,3
877,1
878,4
879,3
880,6
881,6
882,5
883,3
884,2
885,2
886,5
887,1
888,4
889,1
890,0
891,3
892,5
893,3
894,2
895,3
896,5
897,4
898,4
899,6
900,3
901,2
902,1
903,3
904,1
905,4
906,2
907,1
908,3
909,3
910,3
911,1
912,3
913,4
914,2
915,0
916,4
917,4
918,4
919,1
920,3
921,2
922,2
923,4
924,3
925,4
926,1
927,2
928,6
929,1
930,6
931,6
932,3
933,0
934,5
935,5
936,4
937,5
938,0
939,6
940,5
941,2
942,2
943,3
944,2
945,5
946,5
947,3
948,6
949,4
950,2
951,5
952,3
953,1
954,1
955,1
956,0
957,3
958,2
959,3
960,1
961,2
962,5
963,3
964,2
965,3
966,1
967,4
968,3
969,4
970,3
971,3
972,6
973,4
974,6
975,2
976,5
977,2
978,0
979,5
980,4
981,0
982,0
983,4
984,5
985,6
986,5
987,1
988,4
989,1
990,4
991,3
992,1
993,4
994,5
995,4
996,3
997,0
998,1
999,5
1000,2
1001,0
1002,1
1003,0
1004,6
1005,1
1006,5
1007,3
1008,3
1009,2
1010,2
1011,2
1012,5
1013,6
1014,6
1015,0
1016,1
1017,1
1018,3
1019,2
1020,2
1021,2
1022,3
1023,1
1024,1
1025,4
1026,4
1027,3
1028,5
1029,5
1030,5
1031,2
1032,3
1033,2
1034,2
1035,6
1036,0
1037,1
1038,6
1039,4
1040,3
1041,2
1042,3
1043,4
1044,5
1045,5
1046,5
1047,3
1048,2
1049,2
1050,5
1051,3
1052,5
1053,4
1054,5
1055,5
1056,3
1057,3
1058,3
1059,3
1060,3
1061,3
1062,3
1063,2
1064,5
1065,5
1066,4
1067,6
1068,2
1069,5
1070,5
1071,1
1072,3
1073,6
1074,0
1075,1
1076,1
1077,4
1078,3
1079,3
1080,4
1081,5
1082,4
1083,4
1084,3
1085,4
1086,1
1087,1
1088,0
1089,5
1090,0
1091,0
1092,6
1093,6
1094,6
1095,2
1096,3
1097,3
1098,4
1099,3
1100,6
1101,4
1102,6
1103,0
1104,6
1105,3
1106,1
1107,2
1108,4
1109,3
1110,0
1111,4
1112,3
1113,6
1114,0
1115,0
1116,2
1117,1
1118,4
1119,1
1120,3
1121,3
1122,3
1123,2
1124,2
1125,2
1126,2
1127,0
1128,3
1129,4
1130,3
1131,4
1132,4
1133,3
1134,6
1135,1
1136,0
1137,1
1138,0
1139,6
1140,0
1141,1
1142,5
1143,2
1144,2
1145,2
1146,3
1147,4
1148,1
1149,5
1150,5
1151,5
1152,5
1153,2
1154,3
1155,5
1156,3
1157,5
1158,2
1159,4
1160,5
1161,5
1162,3
1163,4
1164,6
1165,3
1166,2
1167,2
1168,2
1169,1
1170,5
1171,0
1172,4
1173,3
1174,6
1175,3
1176,3
1177,3
1178,3
1179,2
1180,3
1181,4
1182,3
1183,3
1184,4
1185,2
1186,0
1187,0
1188,5
1189,2
1190,2
1191,0
1192,3
1193,5
1194,1
1195,1
1196,6
1197,6
1198,4
1199,4
1200,0
1201,5
1202,3
1203,3
1204,5
1205,2
1206,4
1207,0
1208,0
1209,2
1210,2
1211,3
1212,1
1213,1
1214,1
1215,3
1216,0
1217,0
1218,0
1219,3
1220,4
1221,2
1222,3
1223,2
1224,0
1225,5
1226,0
1227,0
1228,5
1229,3
1230,1
1231,2
1232,2
1233,6
1234,1
1235,1
1236,5
1237,6
1238,5
1239,0
1240,4
1241,3
1242,2
1243,4
1244,4
1245,4
1246,2
1247,1
1248,5
1249,6
1250,3
1251,4
1252,4
1253,5
1254,5
1255,4
1256,5
1257,3
1258,3
1259,1
1260,6
1261,3
1262,6
1263,2
1264,3
1265,4
1266,1
1267,3
1268,2
1269,0
1270,2
1271,3
1272,5
1273,3
1274,3
1275,4
1276,1
1277,0
1278,4
1279,1
1280,6
1281,6
1282,1
1283,2
1284,3
1285,1
1286,4
1287,2
1288,3
1289,4
1290,1
1291,2
1292,1
1293,1
1294,3
1295,3
1296,3
1297,3
1298,3
1299,0
1300,0
1301,3
1302,4
1303,2
1304,1
1305,0
1306,2
1307,3
1308,4
1309,1
1310,3
1311,1
1312,5
1313,2
1314,1
1315,3
1316,4
1317,5
1318,4
1319,3
1320,5
1321,1
1322,0
1323,1
1324,1
1325,3
1326,6
1327,1
1328,5
1329,6
1330,3
1331,0
1332,2
1333,5
1334,5
1335,3
1336,2
1337,2
1338,3
1339,3
1340,3
1341,0
1342,5
1343,6
1344,2
1345,0
1346,4
1347,4
1348,4
1349,0
1350,5
