,MTC_Choice
0,2
1,3
2,2
3,2
4,2
5,6
6,5
7,5
8,6
9,0
10,1
11,3
12,0
13,3
14,6
15,1
16,2
17,0
18,2
19,3
20,2
21,4
22,5
23,2
24,4
25,4
26,3
27,1
28,3
29,6
30,5
31,0
32,0
33,6
34,6
35,1
36,1
37,3
38,3
39,3
40,3
41,4
42,0
43,3
44,1
45,3
46,3
47,6
48,4
49,6
50,0
51,1
52,0
53,6
54,5
55,0
56,2
57,2
58,1
59,4
60,3
61,4
62,3
63,3
64,1
65,4
66,1
67,2
68,5
69,2
70,2
71,3
72,2
73,4
74,6
75,5
76,4
77,3
78,4
79,5
80,2
81,2
82,0
83,0
84,6
85,2
86,5
87,1
88,4
89,3
90,3
91,3
92,4
93,1
94,2
95,2
96,2
97,2
98,3
99,4
100,4
101,3
102,1
103,1
104,6
105,5
106,4
107,6
108,6
109,3
110,3
111,1
112,3
113,2
114,1
115,5
116,1
117,5
118,4
119,6
120,2
121,1
122,2
123,1
124,2
125,3
126,3
127,2
128,1
129,5
130,5
131,6
132,6
133,3
134,4
135,1
136,3
137,3
138,4
139,4
140,1
141,2
142,3
143,1
144,4
145,3
146,1
147,1
148,4
149,5
150,5
151,4
152,6
153,6
154,5
155,6
156,0
157,2
158,3
159,6
160,3
161,2
162,2
163,0
164,0
165,6
166,0
167,4
168,4
169,3
170,1
171,5
172,6
173,5
174,1
175,4
176,3
177,3
178,3
179,4
180,2
181,1
182,2
183,2
184,1
185,3
186,2
187,2
188,3
189,4
190,6
191,4
192,4
193,5
194,6
195,2
196,6
197,2
198,0
199,0
200,0
201,5
202,3
203,1
204,3
205,4
206,2
207,3
208,3
209,4
210,5
211,6
212,2
213,3
214,3
215,4
216,2
217,5
218,4
219,6
220,5
221,5
222,2
223,6
224,0
225,3
226,0
227,4
228,4
229,4
230,1
231,1
232,3
233,1
234,4
235,4
236,6
237,0
238,2
239,2
240,2
241,3
242,2
243,3
244,2
245,3
246,0
247,4
248,4
249,1
250,2
251,3
252,0
253,5
254,5
255,2
256,5
257,3
258,4
259,4
260,1
261,1
262,2
263,2
264,1
265,3
266,5
267,1
268,5
269,6
270,6
271,6
272,2
273,1
274,4
275,5
276,5
277,2
278,3
279,6
280,2
281,5
282,0
283,4
284,4
285,4
286,1
287,4
288,3
289,3
290,3
291,5
292,0
293,5
294,1
295,4
296,1
297,0
298,0
299,2
300,3
301,1
302,2
303,2
304,4
305,3
306,2
307,3
308,3
309,2
310,5
311,4
312,5
313,0
314,5
315,5
316,3
317,0
318,3
319,3
320,4
321,3
322,1
323,0
324,0
325,6
326,1
327,5
328,4
329,6
330,0
331,2
332,3
333,4
334,1
335,2
336,3
337,1
338,1
339,4
340,2
341,2
342,4
343,0
344,0
345,6
346,5
347,2
348,1
349,3
350,6
351,2
352,6
353,6
354,5
355,3
356,1
357,3
358,3
359,2
360,5
361,5
362,4
363,5
364,4
365,3
366,2
367,4
368,6
369,5
370,2
371,3
372,2
373,4
374,4
375,2
376,6
377,3
378,5
379,5
380,2
381,5
382,2
383,3
384,2
385,6
386,4
387,3
388,6
389,6
390,3
391,3
392,1
393,3
394,0
395,1
396,6
397,6
398,6
399,4
400,4
401,5
402,5
403,4
404,3
405,1
406,4
407,6
408,1
409,3
410,6
411,1
412,2
413,6
414,4
415,5
416,2
417,5
418,5
419,3
420,2
421,4
422,2
423,4
424,3
425,2
426,5
427,3
428,4
429,5
430,2
431,2
432,1
433,5
434,5
435,6
436,0
437,5
438,3
439,5
440,5
441,3
442,2
443,3
444,6
445,0
446,6
447,6
448,1
449,0
450,0
451,3
452,2
453,1
454,4
455,1
456,4
457,3
458,1
459,4
460,4
461,2
462,3
463,1
464,0
465,3
466,2
467,6
468,3
469,2
470,1
471,1
472,6
473,6
474,5
475,5
476,4
477,3
478,4
479,2
480,3
481,2
482,5
483,2
484,3
485,6
486,0
487,5
488,0
489,4
490,2
491,4
492,2
493,6
494,0
495,3
496,3
497,2
498,1
499,4
500,5
501,1
502,0
503,5
504,0
505,3
506,3
507,3
508,2
509,0
510,4
511,5
512,4
513,2
514,4
515,5
516,3
517,0
518,6
519,1
520,3
521,4
522,5
523,1
524,1
525,1
526,4
527,4
528,6
529,2
530,3
531,4
532,5
533,2
534,3
535,5
536,2
537,3
538,0
539,0
540,5
541,0
542,6
543,6
544,6
545,5
546,1
547,1
548,3
549,4
550,4
551,4
552,2
553,1
554,5
555,5
556,2
557,1
558,2
559,3
560,3
561,1
562,2
563,3
564,5
565,5
566,5
567,1
568,1
569,1
570,4
571,3
572,4
573,4
574,6
575,0
576,1
577,5
578,6
579,2
580,0
581,3
582,6
583,1
584,5
585,5
586,2
587,5
588,2
589,5
590,2
591,3
592,2
593,0
594,0
595,0
596,5
597,4
598,3
599,0
600,2
601,6
602,1
603,3
604,3
605,1
606,0
607,3
608,1
609,1
610,4
611,0
612,0
613,6
614,6
615,5
616,6
617,2
618,3
619,4
620,4
621,3
622,6
623,1
624,4
625,2
626,5
627,6
628,1
629,6
630,1
631,3
632,4
633,4
634,5
635,4
636,3
637,1
638,1
639,4
640,5
641,0
642,6
643,6
644,2
645,4
646,6
647,4
648,3
649,4
650,3
651,3
652,3
653,3
654,5
655,2
656,4
657,1
658,4
659,3
660,6
661,2
662,5
663,5
664,6
665,1
666,3
667,1
668,5
669,2
670,6
671,6
672,0
673,0
674,4
675,3
676,2
677,4
678,2
679,4
680,5
681,5
682,4
683,2
684,5
685,3
686,6
687,0
688,0
689,1
690,1
691,1
692,6
693,6
694,6
695,3
696,5
697,1
698,3
699,1
700,4
701,5
702,2
703,3
704,3
705,2
706,1
707,1
708,1
709,5
710,4
711,2
712,5
713,2
714,4
715,4
716,5
717,0
718,6
719,0
720,0
721,0
722,2
723,6
724,3
725,0
726,0
727,0
728,3
729,1
730,4
731,1
732,0
733,1
734,2
735,2
736,3
737,2
738,5
739,2
740,2
741,2
742,2
743,3
744,2
745,0
746,0
747,2
748,4
749,4
750,3
751,4
752,4
753,0
754,5
755,5
756,2
757,3
758,3
759,3
760,4
761,0
762,5
763,5
764,4
765,2
766,1
767,2
768,2
769,1
770,0
771,3
772,5
773,3
774,3
775,1
776,4
777,4
778,4
779,5
780,1
781,5
782,2
783,2
784,3
785,2
786,1
787,1
788,1
789,6
790,4
791,3
792,2
793,5
794,5
795,4
796,3
797,2
798,1
799,5
800,3
801,1
802,1
803,4
804,1
805,5
806,3
807,3
808,6
809,3
810,1
811,4
812,3
813,1
814,4
815,1
816,5
817,2
818,2
819,5
820,4
821,2
822,1
823,0
824,0
825,0
826,0
827,4
828,3
829,4
830,2
831,4
832,0
833,1
834,3
835,6
836,2
837,2
838,1
839,1
840,4
841,3
842,1
843,4
844,4
845,1
846,4
847,6
848,5
849,2
850,2
851,5
852,1
853,2
854,2
855,0
856,2
857,4
858,2
859,3
860,0
861,3
862,5
863,4
864,3
865,4
866,0
867,2
868,2
869,2
870,4
871,1
872,1
873,4
874,3
875,6
876,4
877,2
878,1
879,0
880,1
881,1
882,4
883,3
884,0
885,2
886,3
887,1
888,1
889,4
890,2
891,3
892,1
893,2
894,6
895,0
896,0
897,5
898,4
899,5
900,5
901,0
902,6
903,3
904,3
905,3
906,2
907,2
908,6
909,5
910,6
911,1
912,6
913,6
914,5
915,6
916,1
917,0
918,1
919,0
920,5
921,1
922,5
923,3
924,5
925,3
926,2
927,1
928,1
929,4
930,4
931,0
932,4
933,3
934,3
935,6
936,6
937,2
938,0
939,2
940,2
941,5
942,3
943,1
944,0
945,2
946,6
947,5
948,1
949,3
950,3
951,3
952,4
953,1
954,0
955,1
956,0
957,0
958,5
959,5
960,3
961,4
962,5
963,5
964,6
965,6
966,3
967,3
968,5
969,3
970,1
971,2
972,0
973,6
974,0
975,0
976,1
977,4
978,2
979,3
980,3
981,2
982,1
983,3
984,1
985,4
986,4
987,3
988,3
989,5
990,0
991,2
992,0
993,2
994,0
995,1
996,5
997,4
998,4
999,1
1000,3
1001,2
1002,2
1003,4
1004,4
1005,3
1006,1
1007,2
1008,4
1009,4
1010,4
1011,3
1012,1
1013,2
1014,2
1015,2
1016,2
1017,3
1018,2
1019,4
1020,5
1021,0
1022,1
1023,3
1024,2
1025,5
1026,1
1027,1
1028,0
1029,0
1030,0
1031,2
1032,4
1033,1
1034,3
1035,5
1036,4
1037,3
1038,3
1039,2
1040,4
1041,2
1042,1
1043,0
1044,5
1045,0
1046,0
1047,6
1048,5
1049,6
1050,2
1051,4
1052,3
1053,3
1054,0
1055,4
1056,6
1057,0
1058,0
1059,4
1060,1
1061,2
1062,3
1063,3
1064,3
1065,3
1066,4
1067,6
1068,0
1069,4
1070,2
1071,2
1072,2
1073,1
1074,2
1075,3
1076,2
1077,5
1078,5
1079,5
1080,3
1081,5
1082,3
1083,4
1084,6
1085,4
1086,6
1087,6
1088,1
1089,1
1090,0
1091,1
1092,2
1093,0
1094,6
1095,5
1096,3
1097,3
1098,2
1099,6
1100,3
1101,3
1102,0
1103,0
1104,0
1105,2
1106,1
1107,4
1108,3
1109,4
1110,4
1111,3
1112,3
1113,0
1114,2
1115,5
1116,2
1117,3
1118,4
1119,2
1120,5
1121,0
1122,4
1123,3
1124,3
1125,2
1126,2
1127,2
1128,3
1129,5
1130,4
1131,4
1132,3
1133,2
1134,4
1135,2
1136,0
1137,5
1138,0
1139,0
1140,5
1141,5
1142,4
1143,1
1144,1
1145,6
1146,6
1147,5
1148,4
1149,3
1150,3
1151,4
1152,3
1153,5
1154,4
1155,5
1156,0
1157,3
1158,2
1159,2
1160,3
1161,2
1162,3
1163,1
1164,6
1165,4
1166,4
1167,0
1168,4
1169,6
1170,2
1171,2
1172,2
1173,3
1174,6
1175,3
1176,0
1177,5
1178,6
1179,4
1180,3
1181,6
1182,2
1183,1
1184,3
1185,5
1186,6
1187,0
1188,4
1189,3
1190,1
1191,5
1192,1
1193,4
1194,1
1195,2
1196,0
1197,3
1198,5
1199,4
1200,4
1201,4
1202,1
1203,5
1204,3
1205,1
1206,3
1207,2
1208,1
1209,2
1210,2
1211,0
1212,5
1213,2
1214,3
1215,4
1216,1
1217,2
1218,1
1219,4
1220,4
1221,3
1222,1
1223,4
1224,3
1225,1
1226,6
1227,6
1228,2
1229,2
1230,3
1231,2
1232,5
1233,3
1234,4
1235,5
1236,2
1237,3
1238,4
1239,4
1240,4
1241,4
1242,4
1243,2
1244,4
1245,4
1246,3
1247,5
1248,1
1249,0
1250,2
1251,3
1252,5
1253,2
1254,2
1255,4
1256,2
1257,3
1258,1
1259,4
1260,5
1261,2
1262,4
1263,2
1264,1
1265,0
1266,3
1267,1
1268,1
1269,1
1270,6
1271,6
1272,3
1273,0
1274,4
1275,2
1276,0
1277,0
1278,2
1279,3
1280,2
1281,5
1282,5
1283,3
1284,5
1285,6
1286,0
1287,4
1288,4
1289,4
1290,5
1291,6
1292,6
